node            mean	sd	2.5%	97.5%	Rhat	n.eff
LOR[2,1]	-0.9677	0.4258	-1.7815	-0.0925	1.0021	1700
LOR[3,1]	-0.6824	0.4109	-1.4854	0.1471	1.0025	1300
LOR[4,1]	-0.2802	0.2649	-0.7936	0.2487	1.001	27000
LOR[5,1]	-0.4869	0.28	-1.0245	0.0695	1.0014	4300
LOR[6,1]	-0.1129	0.2623	-0.6271	0.4	1.0014	4500
LOR[7,1]	-0.4539	0.1637	-0.7865	-0.1429	1.0013	5800
LOR[8,1]	-0.5115	0.1478	-0.8186	-0.2354	1.001	27000
LOR[3,2]	0.2853	0.4536	-0.6116	1.1862	1.001	27000
LOR[4,2]	0.6875	0.4611	-0.2618	1.5622	1.0021	1800
LOR[5,2]	0.4808	0.4772	-0.4798	1.398	1.0028	1100
LOR[6,2]	0.8548	0.4501	-0.0578	1.7141	1.0014	4800
LOR[7,2]	0.5138	0.4245	-0.3668	1.3155	1.0019	2000
LOR[8,2]	0.4562	0.4221	-0.4209	1.2512	1.002	1900
LOR[4,3]	0.4022	0.4423	-0.4905	1.2515	1.0024	1400
LOR[5,3]	0.1955	0.4565	-0.7215	1.0766	1.0032	870
LOR[6,3]	0.5696	0.431	-0.296	1.3932	1.0016	3300
LOR[7,3]	0.2285	0.4084	-0.609	1.0108	1.0022	1500
LOR[8,3]	0.1709	0.4029	-0.6644	0.9344	1.0024	1400
LOR[5,4]	-0.2067	0.3167	-0.828	0.4338	1.0014	4600
LOR[6,4]	0.1673	0.3387	-0.5026	0.8227	1.0013	5500
LOR[7,4]	-0.1737	0.271	-0.7217	0.3484	1.0013	5700
LOR[8,4]	-0.2314	0.2668	-0.7799	0.2711	1.001	21000
LOR[6,5]	0.374	0.3504	-0.3214	1.0506	1.002	1900
LOR[7,5]	0.033	0.2834	-0.5386	0.5791	1.0016	3000
LOR[8,5]	-0.0247	0.2807	-0.6044	0.4972	1.0015	3400
LOR[7,6]	-0.341	0.2752	-0.8847	0.1889	1.0012	7100
LOR[8,6]	-0.3987	0.2589	-0.917	0.0977	1.0013	6300
LOR[8,7]	-0.0576	0.1633	-0.3872	0.2578	1.0012	8200
LOR[2,1]	-1.0131	0.4462	-1.8774	-0.1018	1.0018	2400
LOR[3,1]	-0.7378	0.4269	-1.5678	0.1223	1.0013	5700
LOR[4,1]	-0.3202	0.2699	-0.8399	0.2196	1.0023	1400
LOR[5,1]	-0.525	0.2855	-1.0688	0.0549	1.0013	5900
LOR[6,1]	-0.1644	0.2692	-0.687	0.3695	1.0019	2100
LOR[7,1]	-0.4847	0.1714	-0.8313	-0.1599	1.0026	1200
LOR[8,1]	-0.5405	0.1519	-0.8561	-0.259	1.0018	2300
LOR[3,2]	0.2753	0.4577	-0.646	1.1802	1.0019	2100
LOR[4,2]	0.6929	0.4739	-0.2729	1.5969	1.0011	11000
LOR[5,2]	0.4881	0.4826	-0.4702	1.4304	1.0021	1800
LOR[6,2]	0.8487	0.4596	-0.0853	1.7294	1.0028	1100
LOR[7,2]	0.5284	0.4402	-0.3729	1.3674	1.0023	1500
LOR[8,2]	0.4727	0.4352	-0.4233	1.3003	1.0019	2000
LOR[4,3]	0.4176	0.4564	-0.5154	1.2963	1.0013	6200
LOR[5,3]	0.2128	0.4677	-0.7354	1.1175	1.0011	18000
LOR[6,3]	0.5734	0.4406	-0.3204	1.4189	1.0012	6800
LOR[7,3]	0.253	0.4204	-0.6081	1.0538	1.001	27000
LOR[8,3]	0.1973	0.417	-0.6648	0.9845	1.001	27000
LOR[5,4]	-0.2048	0.3202	-0.8369	0.4322	1.0022	1600
LOR[6,4]	0.1558	0.3343	-0.5014	0.8026	1.0029	1000
LOR[7,4]	-0.1645	0.2723	-0.7225	0.3563	1.0025	1300
LOR[8,4]	-0.2203	0.2666	-0.7696	0.2759	1.0021	1800
LOR[6,5]	0.3606	0.3466	-0.3231	1.0372	1.0011	18000
LOR[7,5]	0.0403	0.2846	-0.5401	0.5843	1.001	27000
LOR[8,5]	-0.0155	0.2798	-0.6004	0.502	1.001	26000
LOR[7,6]	-0.3203	0.2778	-0.8778	0.2143	1.0012	7900
LOR[8,6]	-0.3761	0.2618	-0.9063	0.1113	1.0015	3700
LOR[8,7]	-0.0557	0.1648	-0.3895	0.2609	1.0012	6800
LOR[2,1]	-1.0855	0.4466	-1.9416	-0.1712	1.002	1900
LOR[3,1]	-0.8073	0.4188	-1.621	0.0272	1.0016	3200
LOR[4,1]	-0.3593	0.278	-0.8841	0.1982	1.003	970
LOR[5,1]	-0.5719	0.2834	-1.1034	0.0143	1.0047	540
LOR[6,1]	-0.1957	0.2718	-0.731	0.3355	1.0047	540
LOR[7,1]	-0.5169	0.1739	-0.8659	-0.1828	1.0044	580
LOR[8,1]	-0.5749	0.1538	-0.8976	-0.29	1.004	660
LOR[3,2]	0.2782	0.451	-0.6202	1.1614	1.0012	9000
LOR[4,2]	0.7263	0.4779	-0.2424	1.6415	1.001	27000
LOR[5,2]	0.5136	0.4869	-0.465	1.4593	1.0012	8000
LOR[6,2]	0.8899	0.4593	-0.0415	1.7507	1.0013	5800
LOR[7,2]	0.5686	0.4409	-0.3377	1.4013	1.0012	7900
LOR[8,2]	0.5107	0.4348	-0.395	1.3245	1.0012	8100
LOR[4,3]	0.448	0.4534	-0.4584	1.3297	1.001	24000
LOR[5,3]	0.2354	0.4623	-0.6866	1.1351	1.0018	2300
LOR[6,3]	0.6117	0.4343	-0.2473	1.4447	1.0011	9700
LOR[7,3]	0.2904	0.4155	-0.5599	1.078	1.0009	27000
LOR[8,3]	0.2325	0.4093	-0.6073	0.9981	1.001	27000
LOR[5,4]	-0.2126	0.3316	-0.8623	0.4449	1.0018	2200
LOR[6,4]	0.1636	0.3444	-0.515	0.8285	1.0013	4900
LOR[7,4]	-0.1576	0.2808	-0.7274	0.3731	1.0012	8000
LOR[8,4]	-0.2156	0.274	-0.7835	0.2926	1.0012	7200
LOR[6,5]	0.3763	0.3555	-0.3365	1.061	1.003	960
LOR[7,5]	0.055	0.2903	-0.548	0.5966	1.0032	880
LOR[8,5]	-0.0029	0.2834	-0.5936	0.5152	1.003	990
LOR[7,6]	-0.3213	0.2814	-0.8788	0.2231	1.0015	3800
LOR[8,6]	-0.3792	0.2635	-0.9081	0.1253	1.002	1900
LOR[8,7]	-0.058	0.167	-0.397	0.2628	1.0011	11000
LOR[2,1]	-1.145	0.4585	-2.0473	-0.2271	1.0022	1600
LOR[3,1]	-0.8693	0.4379	-1.7265	-0.0098	1.0024	1400
LOR[4,1]	-0.4133	0.2795	-0.9544	0.1526	1.0013	5300
LOR[5,1]	-0.6107	0.2899	-1.1583	-0.0148	1.0014	4300
LOR[6,1]	-0.2415	0.2831	-0.8095	0.3025	1.003	960
LOR[7,1]	-0.5536	0.1804	-0.9186	-0.2078	1.0015	3500
LOR[8,1]	-0.6059	0.1618	-0.9421	-0.3091	1.0016	3000
LOR[3,2]	0.2757	0.4602	-0.6569	1.1797	1.0012	8900
LOR[4,2]	0.7317	0.4817	-0.2414	1.6684	1.0017	2800
LOR[5,2]	0.5343	0.4914	-0.4672	1.4848	1.0014	4900
LOR[6,2]	0.9035	0.4658	-0.0456	1.7852	1.001	21000
LOR[7,2]	0.5914	0.4455	-0.3278	1.4481	1.0016	2800
LOR[8,2]	0.539	0.4421	-0.3796	1.3806	1.0017	2700
LOR[4,3]	0.4561	0.4635	-0.4774	1.3611	1.0016	3200
LOR[5,3]	0.2586	0.4715	-0.6825	1.1816	1.0014	4000
LOR[6,3]	0.6278	0.4393	-0.2342	1.4722	1.0011	18000
LOR[7,3]	0.3157	0.4238	-0.5458	1.1217	1.0019	2200
LOR[8,3]	0.2634	0.4221	-0.5901	1.0711	1.0018	2300
LOR[5,4]	-0.1974	0.3283	-0.8396	0.4655	1.0011	15000
LOR[6,4]	0.1717	0.3402	-0.5042	0.8373	1.0016	3000
LOR[7,4]	-0.1403	0.2786	-0.713	0.3872	1.0012	8900
LOR[8,4]	-0.1927	0.2737	-0.7644	0.3186	1.0011	15000
LOR[6,5]	0.3691	0.3547	-0.342	1.0492	1.0013	5700
LOR[7,5]	0.0571	0.2905	-0.5355	0.601	1.001	27000
LOR[8,5]	0.0047	0.2841	-0.5822	0.5317	1.001	27000
LOR[7,6]	-0.3121	0.2819	-0.8622	0.2375	1.0019	2000
LOR[8,6]	-0.3644	0.2669	-0.8977	0.1452	1.002	1900
LOR[8,7]	-0.0524	0.1665	-0.392	0.2666	1.001	27000
LOR[2,1]	-1.2204	0.4641	-2.1215	-0.2844	1.0022	1600
LOR[3,1]	-0.9335	0.442	-1.8012	-0.0572	1.0019	2000
LOR[4,1]	-0.4635	0.2822	-1.002	0.1072	1.0025	1300
LOR[5,1]	-0.6587	0.2891	-1.207	-0.0784	1.0012	6900
LOR[6,1]	-0.2923	0.2849	-0.859	0.264	1.0019	2200
LOR[7,1]	-0.5942	0.1843	-0.9601	-0.2409	1.0021	1800
LOR[8,1]	-0.6421	0.1643	-0.978	-0.3367	1.0028	1100
LOR[3,2]	0.2869	0.4574	-0.6307	1.1799	1.001	27000
LOR[4,2]	0.7569	0.4877	-0.2424	1.7055	1.0024	1400
LOR[5,2]	0.5617	0.5001	-0.4474	1.5103	1.0027	1200
LOR[6,2]	0.9281	0.4647	-0.0208	1.8245	1.0013	5200
LOR[7,2]	0.6261	0.4511	-0.2978	1.4855	1.002	1900
LOR[8,2]	0.5783	0.447	-0.349	1.4225	1.0017	2500
LOR[4,3]	0.47	0.4687	-0.4848	1.3789	1.0021	1700
LOR[5,3]	0.2748	0.4785	-0.6807	1.2049	1.0024	1400
LOR[6,3]	0.6412	0.4453	-0.2505	1.49	1.0012	9500
LOR[7,3]	0.3392	0.4307	-0.5348	1.1611	1.0017	2500
LOR[8,3]	0.2914	0.4254	-0.5823	1.1001	1.0015	3700
LOR[5,4]	-0.1952	0.3361	-0.8706	0.468	1.0018	2400
LOR[6,4]	0.1712	0.3458	-0.5284	0.8289	1.0018	2400
LOR[7,4]	-0.1307	0.2828	-0.7221	0.3954	1.0013	5300
LOR[8,4]	-0.1786	0.2766	-0.7605	0.3331	1.0016	3300
LOR[6,5]	0.3664	0.3584	-0.357	1.0473	1.0021	1800
LOR[7,5]	0.0645	0.2927	-0.5395	0.6196	1.0016	3300
LOR[8,5]	0.0166	0.2879	-0.5818	0.5525	1.002	2000
LOR[7,6]	-0.3019	0.2852	-0.8697	0.2512	1.0013	5000
LOR[8,6]	-0.3498	0.2678	-0.8883	0.163	1.0011	12000
LOR[8,7]	-0.0478	0.17	-0.3911	0.2816	1.0011	11000
LOR[2,1]	-0.9151	0.4524	-1.776	0.0292	1.001	21000
LOR[3,1]	-0.6386	0.426	-1.4516	0.2218	1.0019	2100
LOR[4,1]	-0.2528	0.2711	-0.7799	0.2937	1.0012	8900
LOR[5,1]	-0.4546	0.2885	-1.0098	0.1281	1.0015	3800
LOR[6,1]	-0.0686	0.2613	-0.5844	0.4436	1.002	2000
LOR[7,1]	-0.4387	0.1652	-0.7667	-0.1161	1.0016	3000
LOR[8,1]	-0.4988	0.1482	-0.8021	-0.2241	1.0016	3200
LOR[3,2]	0.2764	0.4898	-0.7014	1.2401	1.0015	3600
LOR[4,2]	0.6623	0.4951	-0.3447	1.6097	1.001	27000
LOR[5,2]	0.4605	0.5085	-0.5914	1.428	1.001	27000
LOR[6,2]	0.8464	0.474	-0.1235	1.739	1.001	27000
LOR[7,2]	0.4763	0.4554	-0.4697	1.3326	1.001	27000
LOR[8,2]	0.4163	0.4495	-0.5245	1.2546	1.0009	27000
LOR[4,3]	0.3859	0.4718	-0.5612	1.2979	1.0013	5400
LOR[5,3]	0.1841	0.4838	-0.7869	1.1178	1.0012	7200
LOR[6,3]	0.57	0.4456	-0.3413	1.4138	1.0014	4200
LOR[7,3]	0.1999	0.4277	-0.6712	1.0129	1.0015	3500
LOR[8,3]	0.1398	0.4209	-0.7175	0.9257	1.0016	2900
LOR[5,4]	-0.2018	0.3391	-0.8724	0.4602	1.001	23000
LOR[6,4]	0.1841	0.3421	-0.4958	0.845	1.0012	7300
LOR[7,4]	-0.186	0.2842	-0.7574	0.3592	1.001	27000
LOR[8,4]	-0.246	0.2757	-0.8167	0.2703	1.001	20000
LOR[6,5]	0.3859	0.3606	-0.3328	1.0816	1.001	27000
LOR[7,5]	0.0158	0.2997	-0.595	0.5916	1.001	27000
LOR[8,5]	-0.0442	0.2946	-0.6576	0.5085	1.0011	15000
LOR[7,6]	-0.3701	0.2808	-0.9206	0.1769	1.0012	9600
LOR[8,6]	-0.4302	0.2608	-0.9452	0.0749	1.0013	6500
LOR[8,7]	-0.0601	0.1699	-0.4104	0.2636	1.001	27000
LOR[2,1]	-0.973	0.459	-1.8369	-0.0227	1.0011	13000
LOR[3,1]	-0.7006	0.4345	-1.5336	0.1705	1.0011	14000
LOR[4,1]	-0.2876	0.279	-0.8229	0.2869	1.0013	5700
LOR[5,1]	-0.4816	0.2914	-1.0311	0.1058	1.0025	1300
LOR[6,1]	-0.0969	0.274	-0.6336	0.4342	1.002	1800
LOR[7,1]	-0.4634	0.1739	-0.8167	-0.1297	1.0018	2400
LOR[8,1]	-0.525	0.1541	-0.8474	-0.2398	1.0026	1200
LOR[3,2]	0.2724	0.4886	-0.7159	1.221	1.0009	27000
LOR[4,2]	0.6854	0.499	-0.3408	1.6422	1.0011	15000
LOR[5,2]	0.4914	0.5129	-0.5623	1.47	1.0011	14000
LOR[6,2]	0.8761	0.4755	-0.1116	1.7639	1.0011	13000
LOR[7,2]	0.5095	0.4587	-0.4353	1.3627	1.001	27000
LOR[8,2]	0.448	0.4545	-0.506	1.279	1.001	27000
LOR[4,3]	0.413	0.4754	-0.5442	1.3368	1.0011	13000
LOR[5,3]	0.219	0.4884	-0.7682	1.1631	1.0011	11000
LOR[6,3]	0.6037	0.4545	-0.3293	1.4642	1.0012	9700
LOR[7,3]	0.2372	0.4318	-0.6525	1.0567	1.001	27000
LOR[8,3]	0.1756	0.4272	-0.6948	0.9783	1.001	23000
LOR[5,4]	-0.194	0.3429	-0.8749	0.4761	1.0016	3000
LOR[6,4]	0.1907	0.3531	-0.52	0.8679	1.0011	11000
LOR[7,4]	-0.1758	0.2864	-0.7692	0.3614	1.001	19000
LOR[8,4]	-0.2374	0.2827	-0.8282	0.2852	1.0011	17000
LOR[6,5]	0.3847	0.3661	-0.348	1.0947	1.0011	11000
LOR[7,5]	0.0181	0.3013	-0.5943	0.5853	1.0014	4200
LOR[8,5]	-0.0434	0.2954	-0.6451	0.5076	1.0013	5100
LOR[7,6]	-0.3666	0.2852	-0.9339	0.1944	1.0012	9500
LOR[8,6]	-0.4281	0.2679	-0.9638	0.089	1.0011	17000
LOR[8,7]	-0.0615	0.1737	-0.41	0.2742	1.001	27000
LOR[2,1]	-1.0385	0.4606	-1.914	-0.0853	1.0015	3300
LOR[3,1]	-0.7647	0.4337	-1.5876	0.1245	1.0012	8200
LOR[4,1]	-0.3451	0.2812	-0.8717	0.2288	1.0017	2600
LOR[5,1]	-0.54	0.299	-1.1019	0.0654	1.0021	1800
LOR[6,1]	-0.1564	0.2743	-0.7094	0.3673	1.0013	5900
LOR[7,1]	-0.5031	0.1761	-0.8587	-0.1669	1.0024	1400
LOR[8,1]	-0.5618	0.1566	-0.8805	-0.2654	1.0011	12000
LOR[3,2]	0.2738	0.4853	-0.6969	1.2242	1.0013	5300
LOR[4,2]	0.6934	0.4998	-0.3405	1.6456	1.001	25000
LOR[5,2]	0.4985	0.5103	-0.5428	1.4704	1.0013	6400
LOR[6,2]	0.8821	0.4792	-0.1042	1.7766	1.0021	1800
LOR[7,2]	0.5354	0.4573	-0.4138	1.3911	1.0021	1700
LOR[8,2]	0.4767	0.4544	-0.4706	1.3101	1.0015	3800
LOR[4,3]	0.4196	0.4766	-0.545	1.335	1.0011	18000
LOR[5,3]	0.2247	0.4819	-0.7537	1.1533	1.001	27000
LOR[6,3]	0.6083	0.4546	-0.3218	1.4679	1.0016	3300
LOR[7,3]	0.2615	0.4305	-0.626	1.0724	1.0012	7900
LOR[8,3]	0.2029	0.4267	-0.6826	1.0017	1.0011	16000
LOR[5,4]	-0.1949	0.3439	-0.876	0.4804	1.0012	8100
LOR[6,4]	0.1887	0.355	-0.5366	0.864	1.0023	1500
LOR[7,4]	-0.1581	0.2906	-0.7463	0.3883	1.0024	1400
LOR[8,4]	-0.2167	0.2825	-0.8052	0.3044	1.0015	3800
LOR[6,5]	0.3836	0.3636	-0.3415	1.0913	1.0026	1200
LOR[7,5]	0.0368	0.3025	-0.576	0.6118	1.002	1900
LOR[8,5]	-0.0218	0.2974	-0.6316	0.5319	1.0017	2800
LOR[7,6]	-0.3468	0.2807	-0.8977	0.2039	1.0017	2600
LOR[8,6]	-0.4054	0.2666	-0.9318	0.1112	1.0016	3100
LOR[8,7]	-0.0587	0.1709	-0.4012	0.274	1.0021	1700
LOR[2,1]	-1.1368	0.4766	-2.0487	-0.1591	1.0018	2200
LOR[3,1]	-0.8616	0.454	-1.7311	0.0552	1.0011	14000
LOR[4,1]	-0.4059	0.2854	-0.9533	0.1719	1.0024	1400
LOR[5,1]	-0.5991	0.2952	-1.1626	-0.0058	1.0013	5900
LOR[6,1]	-0.2158	0.2847	-0.783	0.3297	1.002	1900
LOR[7,1]	-0.5503	0.1828	-0.9155	-0.1976	1.0014	4100
LOR[8,1]	-0.6069	0.1651	-0.9456	-0.2997	1.0019	2000
LOR[3,2]	0.2752	0.4922	-0.7094	1.2502	1.0013	5900
LOR[4,2]	0.7309	0.5135	-0.317	1.7258	1.0029	1000
LOR[5,2]	0.5377	0.5218	-0.5345	1.5264	1.0022	1600
LOR[6,2]	0.921	0.482	-0.077	1.8232	1.0026	1200
LOR[7,2]	0.5865	0.47	-0.3924	1.4741	1.0021	1800
LOR[8,2]	0.5299	0.4645	-0.4377	1.4019	1.0019	2100
LOR[4,3]	0.4558	0.4889	-0.5216	1.3997	1.0018	2400
LOR[5,3]	0.2626	0.5028	-0.7546	1.2193	1.0013	5900
LOR[6,3]	0.6459	0.4544	-0.2738	1.5013	1.0016	3200
LOR[7,3]	0.3113	0.4448	-0.6074	1.1413	1.0012	8700
LOR[8,3]	0.2548	0.4397	-0.6553	1.0727	1.0011	10000
LOR[5,4]	-0.1932	0.3494	-0.8884	0.4907	1.0012	8200
LOR[6,4]	0.1901	0.3519	-0.5058	0.867	1.001	23000
LOR[7,4]	-0.1444	0.2931	-0.741	0.4089	1.0016	3100
LOR[8,4]	-0.201	0.2858	-0.7945	0.3305	1.0018	2400
LOR[6,5]	0.3833	0.3671	-0.351	1.0888	1.0011	14000
LOR[7,5]	0.0488	0.3027	-0.57	0.6212	1.001	27000
LOR[8,5]	-0.0078	0.2969	-0.6198	0.5459	1.0012	9600
LOR[7,6]	-0.3345	0.2881	-0.8944	0.2318	1.0013	5900
LOR[8,6]	-0.3911	0.2721	-0.9319	0.1336	1.0013	5100
LOR[8,7]	-0.0566	0.1762	-0.4112	0.2823	1.0011	15000
LOR[2,1]	-1.1984	0.4821	-2.131	-0.2206	1.002	1900
LOR[3,1]	-0.9237	0.4556	-1.8112	-0.0051	1.0018	2300
LOR[4,1]	-0.4464	0.2917	-0.9952	0.1467	1.0018	2200
LOR[5,1]	-0.6283	0.2957	-1.1917	-0.0351	1.003	960
LOR[6,1]	-0.2581	0.2812	-0.8089	0.2883	1.002	2000
LOR[7,1]	-0.5792	0.1858	-0.9508	-0.2225	1.0027	1100
LOR[8,1]	-0.638	0.1663	-0.9745	-0.3262	1.0018	2300
LOR[3,2]	0.2747	0.4931	-0.7105	1.2359	1.0012	8200
LOR[4,2]	0.752	0.516	-0.3029	1.7415	1.0013	6200
LOR[5,2]	0.5701	0.5249	-0.5055	1.574	1.0011	11000
LOR[6,2]	0.9403	0.4872	-0.0608	1.8525	1.0016	3300
LOR[7,2]	0.6193	0.4748	-0.3601	1.5139	1.0012	7000
LOR[8,2]	0.5604	0.4694	-0.4086	1.438	1.0015	3800
LOR[4,3]	0.4773	0.4901	-0.5053	1.4256	1.001	22000
LOR[5,3]	0.2954	0.4984	-0.6987	1.2608	1.0009	27000
LOR[6,3]	0.6656	0.4603	-0.2604	1.5339	1.0011	12000
LOR[7,3]	0.3446	0.4447	-0.5671	1.1857	1.0012	9500
LOR[8,3]	0.2857	0.4412	-0.6215	1.1207	1.0013	5000
LOR[5,4]	-0.1819	0.3557	-0.8849	0.5243	1.0011	11000
LOR[6,4]	0.1883	0.3577	-0.5261	0.871	1.001	27000
LOR[7,4]	-0.1327	0.2984	-0.75	0.4236	1.001	19000
LOR[8,4]	-0.1916	0.2908	-0.7979	0.3486	1.0012	8500
LOR[6,5]	0.3702	0.3651	-0.3633	1.0726	1.0013	6400
LOR[7,5]	0.0492	0.3053	-0.5667	0.625	1.0014	4700
LOR[8,5]	-0.0097	0.2993	-0.624	0.5468	1.0018	2300
LOR[7,6]	-0.321	0.2867	-0.8859	0.2381	1.0014	4900
LOR[8,6]	-0.3799	0.2704	-0.9213	0.1426	1.0014	4000
LOR[8,7]	-0.0589	0.1774	-0.4146	0.2867	1.0012	7200
LOR[2,1]	-0.8334	0.4894	-1.7468	0.1444	1.0015	3700
LOR[3,1]	-0.5806	0.4603	-1.4574	0.3413	1.0023	1500
LOR[4,1]	-0.2017	0.2945	-0.7551	0.4003	1.0023	1500
LOR[5,1]	-0.4028	0.3126	-0.9935	0.2241	1.0032	900
LOR[6,1]	0.004	0.2702	-0.535	0.5209	1.0027	1100
LOR[7,1]	-0.4127	0.1765	-0.7648	-0.0708	1.0055	440
LOR[8,1]	-0.4782	0.1602	-0.8079	-0.1781	1.0021	1700
LOR[3,2]	0.2528	0.5415	-0.8238	1.3003	1.0011	11000
LOR[4,2]	0.6317	0.5333	-0.4578	1.6474	1.0018	2400
LOR[5,2]	0.4306	0.5475	-0.6665	1.4726	1.0013	5300
LOR[6,2]	0.8375	0.5025	-0.1826	1.7732	1.001	27000
LOR[7,2]	0.4208	0.4903	-0.573	1.3332	1.0015	3600
LOR[8,2]	0.3553	0.4835	-0.6221	1.246	1.0011	13000
LOR[4,3]	0.3789	0.5034	-0.621	1.3601	1.0029	1000
LOR[5,3]	0.1778	0.5139	-0.8398	1.1782	1.0021	1800
LOR[6,3]	0.5847	0.4727	-0.3671	1.4726	1.0013	5800
LOR[7,3]	0.168	0.4575	-0.7532	1.0281	1.0015	3800
LOR[8,3]	0.1024	0.4538	-0.8231	0.948	1.0016	2900
LOR[5,4]	-0.2011	0.3798	-0.9488	0.5418	1.0016	3100
LOR[6,4]	0.2057	0.3584	-0.5087	0.8866	1.0025	1300
LOR[7,4]	-0.211	0.3115	-0.8371	0.3792	1.0058	410
LOR[8,4]	-0.2765	0.3028	-0.9049	0.2824	1.0024	1400
LOR[6,5]	0.4068	0.377	-0.3434	1.1351	1.0015	3600
LOR[7,5]	-0.0099	0.3225	-0.6467	0.6004	1.0053	460
LOR[8,5]	-0.0754	0.3183	-0.7147	0.5222	1.0022	1600
LOR[7,6]	-0.4167	0.2828	-0.9727	0.1404	1.0031	940
LOR[8,6]	-0.4822	0.2676	-1.01	0.0302	1.0014	4200
LOR[8,7]	-0.0655	0.1827	-0.4331	0.2837	1.0043	590
LOR[2,1]	-0.8839	0.493	-1.8169	0.1113	1.0016	2900
LOR[3,1]	-0.625	0.4553	-1.5196	0.2745	1.0024	1400
LOR[4,1]	-0.2352	0.2971	-0.7981	0.3666	1.0024	1300
LOR[5,1]	-0.4146	0.3079	-1.0075	0.1929	1.0042	610
LOR[6,1]	-0.0363	0.2763	-0.5925	0.495	1.0066	350
LOR[7,1]	-0.4323	0.176	-0.7837	-0.0905	1.0066	360
LOR[8,1]	-0.5063	0.1601	-0.835	-0.2029	1.0048	520
LOR[3,2]	0.2589	0.5368	-0.8092	1.2937	1.001	27000
LOR[4,2]	0.6487	0.5424	-0.4478	1.6875	1.001	27000
LOR[5,2]	0.4693	0.5538	-0.6527	1.5163	1.001	25000
LOR[6,2]	0.8476	0.5031	-0.1694	1.7882	1.0012	8400
LOR[7,2]	0.4516	0.4944	-0.5649	1.3733	1.0009	27000
LOR[8,2]	0.3776	0.4883	-0.6231	1.2883	1.001	27000
LOR[4,3]	0.3898	0.5064	-0.6247	1.3743	1.0011	13000
LOR[5,3]	0.2104	0.5197	-0.8247	1.2147	1.001	27000
LOR[6,3]	0.5887	0.467	-0.3565	1.464	1.001	27000
LOR[7,3]	0.1927	0.4576	-0.7254	1.0625	1.001	20000
LOR[8,3]	0.1188	0.4512	-0.7936	0.9743	1.0012	7300
LOR[5,4]	-0.1794	0.3758	-0.9245	0.5468	1.0013	5200
LOR[6,4]	0.1989	0.3694	-0.5457	0.8999	1.0016	2900
LOR[7,4]	-0.1971	0.3137	-0.8333	0.3884	1.0011	16000
LOR[8,4]	-0.271	0.3027	-0.8933	0.2917	1.001	27000
LOR[6,5]	0.3783	0.3799	-0.3719	1.1102	1.001	19000
LOR[7,5]	-0.0177	0.3229	-0.6624	0.6039	1.0011	10000
LOR[8,5]	-0.0917	0.3161	-0.7202	0.5133	1.0016	3200
LOR[7,6]	-0.396	0.2878	-0.9486	0.1726	1.0017	2800
LOR[8,6]	-0.47	0.273	-1.0081	0.0696	1.0025	1300
LOR[8,7]	-0.074	0.1828	-0.4405	0.2806	1.0013	5700
LOR[2,1]	-0.9614	0.5067	-1.9047	0.062	1.0013	5400
LOR[3,1]	-0.703	0.4666	-1.5993	0.2248	1.0017	2700
LOR[4,1]	-0.292	0.3015	-0.857	0.3276	1.0018	2400
LOR[5,1]	-0.4706	0.3076	-1.0529	0.1415	1.0012	7200
LOR[6,1]	-0.0942	0.2756	-0.6429	0.4325	1.0034	820
LOR[7,1]	-0.4708	0.1821	-0.8354	-0.1208	1.0055	440
LOR[8,1]	-0.5432	0.1631	-0.8793	-0.2393	1.002	1800
LOR[3,2]	0.2584	0.5448	-0.8367	1.2996	1.001	27000
LOR[4,2]	0.6694	0.5503	-0.4422	1.7167	1.0009	27000
LOR[5,2]	0.4909	0.5615	-0.6448	1.5507	1.0013	6300
LOR[6,2]	0.8672	0.5098	-0.1677	1.8119	1.0014	4300
LOR[7,2]	0.4906	0.5012	-0.5327	1.4159	1.001	27000
LOR[8,2]	0.4183	0.4994	-0.5964	1.3347	1.0011	14000
LOR[4,3]	0.411	0.5161	-0.6146	1.4103	1.001	27000
LOR[5,3]	0.2325	0.5258	-0.8036	1.2505	1.0015	3600
LOR[6,3]	0.6088	0.4742	-0.3446	1.4982	1.0015	3600
LOR[7,3]	0.2322	0.4615	-0.697	1.1043	1.001	27000
LOR[8,3]	0.1599	0.458	-0.7604	1.0301	1.0013	6000
LOR[5,4]	-0.1785	0.3791	-0.9346	0.5625	1.0015	3300
LOR[6,4]	0.1978	0.3668	-0.5318	0.8896	1.0019	2200
LOR[7,4]	-0.1788	0.3148	-0.83	0.4066	1.0011	15000
LOR[8,4]	-0.2512	0.3094	-0.8916	0.3201	1.0012	7100
LOR[6,5]	0.3764	0.3795	-0.3736	1.1026	1.0015	3300
LOR[7,5]	-3e-04	0.3219	-0.6374	0.6107	1.0025	1300
LOR[8,5]	-0.0726	0.3158	-0.7082	0.5161	1.0011	12000
LOR[7,6]	-0.3766	0.2881	-0.942	0.1843	1.0029	1000
LOR[8,6]	-0.449	0.2726	-0.9852	0.0802	1.002	1900
LOR[8,7]	-0.0724	0.1833	-0.434	0.2815	1.0032	890
LOR[2,1]	-1.0444	0.5056	-2.0151	-0.0311	1.0013	5400
LOR[3,1]	-0.7891	0.4729	-1.7045	0.1569	1.0011	11000
LOR[4,1]	-0.3522	0.2982	-0.9155	0.251	1.0013	5100
LOR[5,1]	-0.5191	0.3099	-1.1055	0.0996	1.0027	1100
LOR[6,1]	-0.1445	0.2806	-0.6994	0.399	1.0024	1400
LOR[7,1]	-0.5228	0.1881	-0.8964	-0.1606	1.0012	6900
LOR[8,1]	-0.5827	0.1678	-0.9229	-0.2657	1.0038	690
LOR[3,2]	0.2553	0.5412	-0.8203	1.3111	1.001	27000
LOR[4,2]	0.6923	0.5366	-0.3812	1.7143	1.0011	14000
LOR[5,2]	0.5254	0.5567	-0.5947	1.5906	1.001	27000
LOR[6,2]	0.8999	0.5056	-0.1318	1.8452	1.0011	15000
LOR[7,2]	0.5216	0.4992	-0.5064	1.4505	1.0011	12000
LOR[8,2]	0.4617	0.4953	-0.5553	1.3867	1.001	27000
LOR[4,3]	0.4369	0.5139	-0.5857	1.4211	1.0011	16000
LOR[5,3]	0.27	0.5331	-0.7942	1.2874	1.0011	12000
LOR[6,3]	0.6446	0.4709	-0.3153	1.526	1.0012	6800
LOR[7,3]	0.2663	0.4646	-0.6749	1.1414	1.001	27000
LOR[8,3]	0.2063	0.459	-0.7279	1.0724	1.0011	14000
LOR[5,4]	-0.1669	0.3808	-0.914	0.5711	1.0016	2900
LOR[6,4]	0.2076	0.3635	-0.5351	0.8969	1.0011	11000
LOR[7,4]	-0.1706	0.3122	-0.8085	0.4183	1.0011	10000
LOR[8,4]	-0.2306	0.3031	-0.8542	0.3234	1.0011	11000
LOR[6,5]	0.3745	0.3787	-0.3779	1.1	1.0014	4200
LOR[7,5]	-0.0037	0.3232	-0.6523	0.6096	1.0019	2200
LOR[8,5]	-0.0637	0.3156	-0.6981	0.5286	1.0013	5000
LOR[7,6]	-0.3783	0.2894	-0.9495	0.1898	1.0018	2400
LOR[8,6]	-0.4382	0.2706	-0.9735	0.0847	1.001	19000
LOR[8,7]	-0.0599	0.1856	-0.4282	0.3023	1.0021	1800
LOR[2,1]	-1.081	0.5131	-2.0521	-0.0371	1.001	27000
LOR[3,1]	-0.8339	0.4821	-1.757	0.1423	1.0015	3500
LOR[4,1]	-0.3687	0.3034	-0.9424	0.2483	1.0025	1300
LOR[5,1]	-0.5382	0.3093	-1.1365	0.0727	1.0015	3800
LOR[6,1]	-0.188	0.2821	-0.7503	0.359	1.0025	1300
LOR[7,1]	-0.5436	0.1837	-0.9112	-0.1904	1.0034	800
LOR[8,1]	-0.6048	0.1664	-0.9416	-0.2891	1.0019	2000
LOR[3,2]	0.2471	0.5426	-0.835	1.2896	1.0011	10000
LOR[4,2]	0.7123	0.5538	-0.4012	1.7699	1.0012	6500
LOR[5,2]	0.5428	0.5576	-0.5888	1.6041	1.0012	7900
LOR[6,2]	0.893	0.5121	-0.1642	1.8354	1.0013	5900
LOR[7,2]	0.5374	0.5097	-0.5089	1.4841	1.0011	11000
LOR[8,2]	0.4762	0.504	-0.5701	1.4034	1.0009	27000
LOR[4,3]	0.4651	0.5228	-0.5778	1.4711	1.0011	17000
LOR[5,3]	0.2957	0.5357	-0.7856	1.3122	1.0015	3700
LOR[6,3]	0.6459	0.4788	-0.3148	1.5377	1.0011	10000
LOR[7,3]	0.2902	0.4775	-0.6781	1.1874	1.0011	16000
LOR[8,3]	0.2291	0.4718	-0.7335	1.1057	1.0011	11000
LOR[5,4]	-0.1694	0.3806	-0.9216	0.5649	1.0016	3100
LOR[6,4]	0.1808	0.3709	-0.5627	0.8866	1.001	27000
LOR[7,4]	-0.1749	0.3151	-0.808	0.4203	1.001	25000
LOR[8,4]	-0.236	0.307	-0.8646	0.3371	1.0017	2500
LOR[6,5]	0.3502	0.3802	-0.4003	1.0859	1.0014	4200
LOR[7,5]	-0.0055	0.3215	-0.6349	0.6082	1.0015	3600
LOR[8,5]	-0.0666	0.3138	-0.6877	0.5277	1.0018	2400
LOR[7,6]	-0.3557	0.294	-0.927	0.2205	1.001	27000
LOR[8,6]	-0.4168	0.2739	-0.9537	0.1205	1.0019	2000
LOR[8,7]	-0.0611	0.1874	-0.4317	0.3006	1.002	1900
LOR[2,1]	-0.7058	0.5142	-1.7014	0.2992	1.0017	2600
LOR[3,1]	-0.4609	0.4839	-1.4005	0.4759	1.0022	1600
LOR[4,1]	-0.1296	0.3138	-0.7261	0.4883	1.0023	1400
LOR[5,1]	-0.2898	0.315	-0.9135	0.318	1.0012	6700
LOR[6,1]	0.0764	0.2705	-0.4778	0.5908	1.0019	2100
LOR[7,1]	-0.3744	0.1826	-0.7417	-0.0212	1.0012	8400
LOR[8,1]	-0.4463	0.1643	-0.7807	-0.1343	1.001	19000
LOR[3,2]	0.245	0.5815	-0.8932	1.3641	1.0011	16000
LOR[4,2]	0.5763	0.5647	-0.5212	1.6635	1.003	970
LOR[5,2]	0.416	0.5688	-0.7013	1.5169	1.0019	2200
LOR[6,2]	0.7822	0.5212	-0.2531	1.7663	1.0012	6700
LOR[7,2]	0.3314	0.5161	-0.6795	1.317	1.0016	3200
LOR[8,2]	0.2595	0.5104	-0.7464	1.2118	1.0019	2200
LOR[4,3]	0.3313	0.5374	-0.7239	1.3807	1.0036	750
LOR[5,3]	0.1711	0.5399	-0.9042	1.2126	1.0021	1700
LOR[6,3]	0.5373	0.4894	-0.4235	1.4575	1.0013	5400
LOR[7,3]	0.0864	0.4845	-0.8637	1.0046	1.0019	2000
LOR[8,3]	0.0145	0.4805	-0.9244	0.9303	1.0024	1400
LOR[5,4]	-0.1602	0.4029	-0.9581	0.6057	1.0015	3600
LOR[6,4]	0.206	0.3779	-0.5521	0.9289	1.0033	840
LOR[7,4]	-0.2449	0.3291	-0.8949	0.3882	1.0025	1300
LOR[8,4]	-0.3168	0.325	-0.9628	0.2968	1.0019	2000
LOR[6,5]	0.3662	0.3826	-0.3834	1.1149	1.0015	3600
LOR[7,5]	-0.0847	0.3282	-0.7183	0.5624	1.0011	11000
LOR[8,5]	-0.1566	0.3285	-0.7896	0.4781	1.0011	13000
LOR[7,6]	-0.4508	0.285	-1.0041	0.1163	1.0014	4600
LOR[8,6]	-0.5227	0.2705	-1.0526	0.016	1.0021	1800
LOR[8,7]	-0.0719	0.1939	-0.4616	0.3042	1.0012	7700
LOR[2,1]	-0.7435	0.5164	-1.7505	0.2493	1.0013	6400
LOR[3,1]	-0.5088	0.4827	-1.4456	0.4219	1.0016	3100
LOR[4,1]	-0.1496	0.3185	-0.7603	0.4792	1.0024	1300
LOR[5,1]	-0.3234	0.3142	-0.9387	0.2772	1.0012	7200
LOR[6,1]	0.0406	0.2718	-0.5091	0.553	1.002	1800
LOR[7,1]	-0.4009	0.1865	-0.7721	-0.0376	1.0012	9500
LOR[8,1]	-0.471	0.1675	-0.8122	-0.1539	1.0015	3600
LOR[3,2]	0.2347	0.5746	-0.8765	1.3495	1.001	27000
LOR[4,2]	0.5939	0.5701	-0.5163	1.6965	1.0011	14000
LOR[5,2]	0.4201	0.5743	-0.7106	1.5234	1.0011	10000
LOR[6,2]	0.7841	0.5255	-0.2638	1.7808	1.001	27000
LOR[7,2]	0.3426	0.5154	-0.6673	1.3397	1.0013	6100
LOR[8,2]	0.2725	0.5106	-0.7219	1.2558	1.0011	18000
LOR[4,3]	0.3592	0.534	-0.6738	1.4028	1.0011	15000
LOR[5,3]	0.1854	0.5357	-0.867	1.2139	1.0013	5300
LOR[6,3]	0.5494	0.4857	-0.4091	1.4663	1.001	25000
LOR[7,3]	0.1079	0.4781	-0.8282	1.0368	1.0016	2900
LOR[8,3]	0.0378	0.4746	-0.8949	0.9494	1.0013	6300
LOR[5,4]	-0.1738	0.4016	-0.9737	0.5819	1.0013	5000
LOR[6,4]	0.1902	0.3801	-0.5628	0.922	1.0015	3900
LOR[7,4]	-0.2513	0.3332	-0.9034	0.3904	1.0027	1200
LOR[8,4]	-0.3214	0.3279	-0.9785	0.3033	1.0017	2800
LOR[6,5]	0.364	0.3799	-0.3851	1.1019	1.0015	3700
LOR[7,5]	-0.0775	0.328	-0.7158	0.5588	1.0015	3700
LOR[8,5]	-0.1476	0.322	-0.764	0.4795	1.0011	14000
LOR[7,6]	-0.4415	0.2883	-0.9947	0.1291	1.0019	2200
LOR[8,6]	-0.5116	0.2715	-1.0393	0.0239	1.0014	4600
LOR[8,7]	-0.07	0.1937	-0.4613	0.3042	1.0016	2900
LOR[2,1]	-0.8309	0.5227	-1.8445	0.1855	1.0038	700
LOR[3,1]	-0.6008	0.4853	-1.5441	0.3395	1.0018	2200
LOR[4,1]	-0.1969	0.3154	-0.7977	0.4288	1.0016	3300
LOR[5,1]	-0.3724	0.3173	-0.9944	0.2359	1.0014	4100
LOR[6,1]	-0.0222	0.2768	-0.5894	0.4995	1.002	1800
LOR[7,1]	-0.4456	0.1865	-0.8177	-0.0825	1.0029	1000
LOR[8,1]	-0.5081	0.17	-0.8531	-0.1864	1.0029	1000
LOR[3,2]	0.2301	0.5774	-0.9119	1.345	1.0015	3500
LOR[4,2]	0.634	0.5748	-0.4779	1.7713	1.0023	1500
LOR[5,2]	0.4584	0.572	-0.677	1.5515	1.0024	1300
LOR[6,2]	0.8087	0.5184	-0.2074	1.7961	1.0026	1200
LOR[7,2]	0.3853	0.5185	-0.6312	1.3909	1.0025	1300
LOR[8,2]	0.3227	0.5148	-0.6872	1.3121	1.003	980
LOR[4,3]	0.4039	0.5379	-0.6346	1.4694	1.0012	6700
LOR[5,3]	0.2283	0.5416	-0.8407	1.276	1.0013	5600
LOR[6,3]	0.5786	0.4808	-0.3766	1.4994	1.0012	9300
LOR[7,3]	0.1552	0.4822	-0.7848	1.0908	1.0011	11000
LOR[8,3]	0.0927	0.4783	-0.8471	1.0194	1.0013	5200
LOR[5,4]	-0.1756	0.4019	-0.9709	0.5911	1.0009	27000
LOR[6,4]	0.1747	0.3799	-0.58	0.9021	1.0014	4400
LOR[7,4]	-0.2487	0.3317	-0.9068	0.389	1.0012	8600
LOR[8,4]	-0.3112	0.3276	-0.9694	0.2999	1.0016	2900
LOR[6,5]	0.3503	0.3822	-0.3896	1.0927	1.0014	4100
LOR[7,5]	-0.0732	0.3269	-0.7016	0.5735	1.0012	7000
LOR[8,5]	-0.1357	0.3233	-0.748	0.4973	1.0017	2800
LOR[7,6]	-0.4234	0.2896	-0.9861	0.1504	1.0011	17000
LOR[8,6]	-0.4859	0.2728	-1.0159	0.0527	1.001	26000
LOR[8,7]	-0.0625	0.1914	-0.4482	0.3021	1.0015	3900
LOR[2,1]	-0.906	0.5338	-1.9377	0.1387	1.0014	4700
LOR[3,1]	-0.681	0.4981	-1.639	0.3085	1.0016	3100
LOR[4,1]	-0.2489	0.3183	-0.8625	0.3844	1.0022	1600
LOR[5,1]	-0.4208	0.3169	-1.0443	0.1842	1.0013	6400
LOR[6,1]	-0.0802	0.2842	-0.6502	0.4607	1.0027	1100
LOR[7,1]	-0.4846	0.1929	-0.8672	-0.1093	1.0016	3100
LOR[8,1]	-0.5477	0.1766	-0.899	-0.2108	1.0013	5500
LOR[3,2]	0.225	0.5736	-0.8888	1.336	1.001	20000
LOR[4,2]	0.6571	0.5735	-0.4541	1.7601	1.0009	27000
LOR[5,2]	0.4852	0.5815	-0.6576	1.6072	1.0011	17000
LOR[6,2]	0.8258	0.5198	-0.1936	1.8227	1.0012	8600
LOR[7,2]	0.4214	0.5279	-0.6189	1.4366	1.0013	5800
LOR[8,2]	0.3583	0.5216	-0.6736	1.3513	1.0012	8000
LOR[4,3]	0.4322	0.5428	-0.6316	1.4948	1.001	22000
LOR[5,3]	0.2602	0.5469	-0.826	1.3156	1.0011	12000
LOR[6,3]	0.6008	0.4812	-0.3465	1.5106	1.001	27000
LOR[7,3]	0.1964	0.488	-0.7648	1.1351	1.0017	2600
LOR[8,3]	0.1333	0.4837	-0.8264	1.0481	1.0015	3700
LOR[5,4]	-0.1719	0.4047	-0.9656	0.601	1.0012	8100
LOR[6,4]	0.1686	0.3823	-0.6071	0.8886	1.0013	5200
LOR[7,4]	-0.2357	0.3333	-0.9032	0.402	1.0019	2100
LOR[8,4]	-0.2989	0.3289	-0.9617	0.3152	1.0016	2900
LOR[6,5]	0.3406	0.3813	-0.391	1.1015	1.0013	6400
LOR[7,5]	-0.0638	0.328	-0.6917	0.5762	1.0014	4100
LOR[8,5]	-0.1269	0.3221	-0.7379	0.5054	1.0011	10000
LOR[7,6]	-0.4044	0.2893	-0.9652	0.1665	1.0033	860
LOR[8,6]	-0.4675	0.2751	-1.0057	0.0716	1.0026	1200
LOR[8,7]	-0.0631	0.1949	-0.4532	0.3143	1.0011	9900
LOR[2,1]	-0.969	0.5329	-1.9949	0.0676	1.0024	1400
LOR[3,1]	-0.7452	0.491	-1.696	0.2124	1.0016	3300
LOR[4,1]	-0.2893	0.3174	-0.9002	0.3269	1.0015	3600
LOR[5,1]	-0.4476	0.3184	-1.0831	0.151	1.0019	2100
LOR[6,1]	-0.126	0.2868	-0.6934	0.4245	1.0034	810
LOR[7,1]	-0.5104	0.1923	-0.8892	-0.135	1.0021	1700
LOR[8,1]	-0.5772	0.1753	-0.9288	-0.2359	1.0015	3500
LOR[3,2]	0.2238	0.5778	-0.8976	1.3317	1.0012	7800
LOR[4,2]	0.6798	0.5754	-0.4401	1.7938	1.0017	2800
LOR[5,2]	0.5215	0.5848	-0.6185	1.6453	1.0014	4000
LOR[6,2]	0.8431	0.5214	-0.1852	1.8375	1.0014	4500
LOR[7,2]	0.4587	0.5313	-0.5702	1.4837	1.0017	2700
LOR[8,2]	0.3919	0.5245	-0.6439	1.3941	1.0021	1800
LOR[4,3]	0.456	0.5403	-0.6143	1.5231	1.0011	15000
LOR[5,3]	0.2977	0.546	-0.7882	1.351	1.0012	6900
LOR[6,3]	0.6193	0.4774	-0.3284	1.5208	1.0015	3900
LOR[7,3]	0.2349	0.4879	-0.7266	1.1799	1.0012	7100
LOR[8,3]	0.1681	0.4798	-0.7871	1.0884	1.0015	3900
LOR[5,4]	-0.1583	0.4031	-0.9604	0.5948	1.0016	2900
LOR[6,4]	0.1633	0.3835	-0.5994	0.8917	1.0023	1500
LOR[7,4]	-0.2211	0.3336	-0.8696	0.4269	1.0014	4000
LOR[8,4]	-0.2879	0.3306	-0.9411	0.3471	1.0016	3000
LOR[6,5]	0.3216	0.3806	-0.4177	1.0762	1.0011	14000
LOR[7,5]	-0.0628	0.3285	-0.6807	0.5953	1.0011	17000
LOR[8,5]	-0.1296	0.3284	-0.7588	0.5195	1.0013	6300
LOR[7,6]	-0.3844	0.2925	-0.9459	0.1967	1.0017	2700
LOR[8,6]	-0.4512	0.2761	-0.9859	0.0862	1.0024	1400
LOR[8,7]	-0.0668	0.1958	-0.456	0.3091	1.0012	7500
LOR[2,1]	-0.6178	0.5164	-1.636	0.3661	1.001	25000
LOR[3,1]	-0.393	0.4752	-1.3366	0.5192	1.0025	1300
LOR[4,1]	-0.0556	0.3181	-0.6637	0.5689	1.0044	580
LOR[5,1]	-0.2405	0.3118	-0.863	0.3444	1.0022	1600
LOR[6,1]	0.1121	0.266	-0.4266	0.6119	1.0043	600
LOR[7,1]	-0.3532	0.1857	-0.7192	0.0131	1.0027	1100
LOR[8,1]	-0.4249	0.1643	-0.7561	-0.1128	1.0045	570
LOR[3,2]	0.2248	0.5748	-0.8998	1.3365	1.0015	3400
LOR[4,2]	0.5622	0.5771	-0.5572	1.6871	1.0016	3100
LOR[5,2]	0.3773	0.5662	-0.7137	1.4695	1.0012	8600
LOR[6,2]	0.7299	0.5221	-0.2979	1.7352	1.0014	4500
LOR[7,2]	0.2646	0.5242	-0.7483	1.2992	1.0011	18000
LOR[8,2]	0.1929	0.5173	-0.8027	1.1908	1.001	20000
LOR[4,3]	0.3374	0.5361	-0.7063	1.3849	1.0011	12000
LOR[5,3]	0.1525	0.5339	-0.8891	1.1912	1.0016	3100
LOR[6,3]	0.5051	0.4771	-0.4423	1.4279	1.0011	17000
LOR[7,3]	0.0397	0.479	-0.8828	0.9841	1.0018	2300
LOR[8,3]	-0.032	0.4756	-0.9527	0.8878	1.0013	5800
LOR[5,4]	-0.1849	0.4048	-0.9869	0.5908	1.0016	3300
LOR[6,4]	0.1677	0.3815	-0.5956	0.9062	1.001	19000
LOR[7,4]	-0.2976	0.3369	-0.9594	0.3503	1.0036	770
LOR[8,4]	-0.3693	0.3326	-1.0218	0.2733	1.0018	2300
LOR[6,5]	0.3526	0.377	-0.3717	1.1003	1.0015	3900
LOR[7,5]	-0.1128	0.3268	-0.7316	0.5416	1.0027	1100
LOR[8,5]	-0.1845	0.3242	-0.8001	0.4599	1.0015	3500
LOR[7,6]	-0.4653	0.2897	-1.0175	0.1118	1.003	950
LOR[8,6]	-0.537	0.27	-1.0635	-0.0021	1.0014	4000
LOR[8,7]	-0.0717	0.198	-0.4706	0.3101	1.0024	1400
LOR[2,1]	-0.658	0.519	-1.6678	0.3385	1.0019	2000
LOR[3,1]	-0.4307	0.474	-1.3851	0.4686	1.0011	17000
LOR[4,1]	-0.0952	0.3164	-0.702	0.518	1.0014	4600
LOR[5,1]	-0.2621	0.3114	-0.8835	0.3244	1.0014	4300
LOR[6,1]	0.0789	0.2719	-0.4709	0.5947	1.0037	720
LOR[7,1]	-0.3716	0.1886	-0.7467	-0.0101	1.0018	2200
LOR[8,1]	-0.4425	0.168	-0.7797	-0.1176	1.0018	2300
LOR[3,2]	0.2273	0.579	-0.8998	1.3465	1.0014	4700
LOR[4,2]	0.5628	0.5745	-0.5453	1.691	1.0013	5100
LOR[5,2]	0.3959	0.5797	-0.7401	1.5096	1.0012	7000
LOR[6,2]	0.7369	0.5219	-0.2808	1.751	1.0014	4500
LOR[7,2]	0.2864	0.5184	-0.715	1.2858	1.0016	3100
LOR[8,2]	0.2155	0.5174	-0.7766	1.2099	1.0015	3900
LOR[4,3]	0.3354	0.5351	-0.6869	1.3897	1.001	27000
LOR[5,3]	0.1685	0.5424	-0.8873	1.2255	1.001	27000
LOR[6,3]	0.5095	0.4786	-0.4204	1.4461	1.0014	4900
LOR[7,3]	0.0591	0.4771	-0.8562	0.9961	1.001	27000
LOR[8,3]	-0.0118	0.4735	-0.9188	0.9183	1.0009	27000
LOR[5,4]	-0.1669	0.4071	-0.9693	0.6145	1.001	20000
LOR[6,4]	0.1741	0.3802	-0.5774	0.901	1.0014	4600
LOR[7,4]	-0.2764	0.3356	-0.9221	0.3755	1.001	27000
LOR[8,4]	-0.3473	0.33	-0.9881	0.2844	1.001	27000
LOR[6,5]	0.341	0.3816	-0.3842	1.1024	1.0017	2500
LOR[7,5]	-0.1095	0.3254	-0.725	0.542	1.0012	7600
LOR[8,5]	-0.1803	0.3213	-0.7788	0.4687	1.001	27000
LOR[7,6]	-0.4505	0.2891	-1.002	0.1232	1.0019	2200
LOR[8,6]	-0.5214	0.2725	-1.048	0.0158	1.0023	1500
LOR[8,7]	-0.0709	0.1988	-0.4684	0.3091	1.0011	10000
LOR[2,1]	-0.7226	0.5337	-1.7763	0.3075	1.0033	860
LOR[3,1]	-0.519	0.4822	-1.4636	0.403	1.0028	1100
LOR[4,1]	-0.1234	0.3182	-0.7411	0.4976	1.0013	5100
LOR[5,1]	-0.3094	0.3104	-0.9295	0.2745	1.0018	2300
LOR[6,1]	0.0203	0.2755	-0.53	0.5457	1.0012	9400
LOR[7,1]	-0.4218	0.1881	-0.7889	-0.0522	1.0024	1400
LOR[8,1]	-0.4768	0.1718	-0.8302	-0.1522	1.0018	2500
LOR[3,2]	0.2036	0.5826	-0.9373	1.3259	1.001	20000
LOR[4,2]	0.5992	0.5851	-0.5212	1.7484	1.0022	1500
LOR[5,2]	0.4132	0.5784	-0.7109	1.5333	1.0018	2200
LOR[6,2]	0.7429	0.5254	-0.2651	1.7752	1.0031	930
LOR[7,2]	0.3009	0.5302	-0.7161	1.3395	1.0022	1600
LOR[8,2]	0.2459	0.5271	-0.7705	1.2653	1.0026	1200
LOR[4,3]	0.3956	0.5419	-0.653	1.4637	1.0018	2400
LOR[5,3]	0.2096	0.5438	-0.8459	1.2715	1.0015	3600
LOR[6,3]	0.5393	0.4815	-0.4046	1.4657	1.0026	1200
LOR[7,3]	0.0972	0.4844	-0.8318	1.036	1.0018	2500
LOR[8,3]	0.0422	0.478	-0.8783	0.9693	1.0022	1600
LOR[5,4]	-0.186	0.3967	-0.9655	0.5796	1.0013	5600
LOR[6,4]	0.1437	0.3818	-0.6135	0.8779	1.0014	4300
LOR[7,4]	-0.2984	0.3357	-0.9533	0.3519	1.0012	8400
LOR[8,4]	-0.3534	0.3295	-1.0086	0.2721	1.0013	5900
LOR[6,5]	0.3297	0.3821	-0.3968	1.0883	1.0013	5800
LOR[7,5]	-0.1124	0.3237	-0.7218	0.5315	1.001	27000
LOR[8,5]	-0.1674	0.3217	-0.7783	0.4719	1.0011	11000
LOR[7,6]	-0.4421	0.2862	-0.9939	0.1262	1.0014	4400
LOR[8,6]	-0.4971	0.2736	-1.0331	0.0398	1.0011	16000
LOR[8,7]	-0.055	0.1983	-0.4529	0.3266	1.0012	8600
LOR[2,1]	-0.8094	0.5394	-1.8803	0.2191	1.0016	3200
LOR[3,1]	-0.6034	0.4969	-1.5948	0.3437	1.0028	1100
LOR[4,1]	-0.1884	0.3209	-0.8163	0.4281	1.0056	430
LOR[5,1]	-0.3603	0.3117	-0.9848	0.2216	1.0022	1600
LOR[6,1]	-0.0444	0.2857	-0.6316	0.4984	1.004	650
LOR[7,1]	-0.4649	0.1913	-0.8469	-0.0972	1.0046	550
LOR[8,1]	-0.526	0.1753	-0.8815	-0.191	1.0019	2000
LOR[3,2]	0.206	0.5866	-0.9361	1.3525	1.0012	7000
LOR[4,2]	0.6211	0.5877	-0.5171	1.7775	1.002	1900
LOR[5,2]	0.4491	0.5859	-0.6968	1.5849	1.0011	10000
LOR[6,2]	0.765	0.5226	-0.2505	1.7771	1.001	27000
LOR[7,2]	0.3446	0.5351	-0.6773	1.4005	1.0014	4500
LOR[8,2]	0.2834	0.5296	-0.7284	1.3335	1.0012	6800
LOR[4,3]	0.4151	0.5487	-0.6577	1.4947	1.0017	2700
LOR[5,3]	0.2431	0.5453	-0.8229	1.3002	1.0014	4400
LOR[6,3]	0.559	0.4782	-0.3838	1.4907	1.0011	12000
LOR[7,3]	0.1386	0.4913	-0.8073	1.1131	1.0017	2600
LOR[8,3]	0.0774	0.4858	-0.8614	1.0295	1.0021	1800
LOR[5,4]	-0.172	0.3987	-0.9625	0.5981	1.0019	2100
LOR[6,4]	0.1439	0.3791	-0.6012	0.867	1.0027	1100
LOR[7,4]	-0.2765	0.3356	-0.9231	0.3733	1.0019	2100
LOR[8,4]	-0.3377	0.3288	-0.9826	0.2986	1.0037	740
LOR[6,5]	0.3159	0.3763	-0.4186	1.06	1.0013	5100
LOR[7,5]	-0.1046	0.3243	-0.7144	0.5457	1.001	21000
LOR[8,5]	-0.1657	0.3208	-0.7678	0.4834	1.0012	6700
LOR[7,6]	-0.4205	0.2906	-0.9748	0.1614	1.0022	1600
LOR[8,6]	-0.4816	0.2743	-1.0167	0.0646	1.0025	1300
LOR[8,7]	-0.0611	0.1993	-0.4576	0.3262	1.0021	1700
LOR[2,1]	-0.8772	0.5335	-1.9167	0.1469	1.0017	2600
LOR[3,1]	-0.6618	0.4923	-1.6248	0.2859	1.0045	560
LOR[4,1]	-0.2173	0.3217	-0.8454	0.4	1.0025	1300
LOR[5,1]	-0.3892	0.3091	-1.0169	0.1907	1.0067	350
LOR[6,1]	-0.0852	0.2837	-0.66	0.4542	1.0059	400
LOR[7,1]	-0.4892	0.1908	-0.8617	-0.1182	1.0073	310
LOR[8,1]	-0.5458	0.1761	-0.9066	-0.2101	1.0054	450
LOR[3,2]	0.2154	0.582	-0.91	1.3526	1.0024	1400
LOR[4,2]	0.6599	0.5856	-0.4746	1.8028	1.001	27000
LOR[5,2]	0.488	0.5782	-0.6389	1.6049	1.0025	1300
LOR[6,2]	0.792	0.5204	-0.2202	1.7929	1.0019	2200
LOR[7,2]	0.388	0.5299	-0.6384	1.417	1.001	27000
LOR[8,2]	0.3314	0.5255	-0.6977	1.339	1.0011	16000
LOR[4,3]	0.4445	0.5472	-0.6089	1.5166	1.0022	1700
LOR[5,3]	0.2726	0.5414	-0.7886	1.3168	1.0014	4500
LOR[6,3]	0.5766	0.478	-0.3465	1.5012	1.0013	5100
LOR[7,3]	0.1726	0.4888	-0.7686	1.1335	1.0024	1300
LOR[8,3]	0.116	0.4852	-0.8242	1.0535	1.0025	1300
LOR[5,4]	-0.1719	0.3995	-0.9637	0.5885	1.0029	1000
LOR[6,4]	0.1321	0.3819	-0.614	0.8763	1.0018	2300
LOR[7,4]	-0.272	0.3377	-0.9369	0.3785	1.001	26000
LOR[8,4]	-0.3285	0.3343	-0.9829	0.314	1.001	27000
LOR[6,5]	0.304	0.3733	-0.4133	1.0465	1.0013	5100
LOR[7,5]	-0.1	0.3232	-0.709	0.5402	1.0046	550
LOR[8,5]	-0.1566	0.3206	-0.7613	0.4794	1.0039	680
LOR[7,6]	-0.404	0.2903	-0.967	0.1863	1.0028	1100
LOR[8,6]	-0.4606	0.2752	-0.9953	0.0857	1.0026	1200
LOR[8,7]	-0.0566	0.2	-0.4567	0.3303	1.0014	4500
